Unicorn 0 c 0 377.5 243.75 0 7.04 7.04 50 50 c 1 4 c 2 0 1e-06 9.9999e-07 9.9999e-07 c 6 c 8 0 0.0453357 1 1 0 1 1 
BlackStar 0 c 0 -611.25 277.5 -41.9257 4.43 4.43 50 50 c 1 13 c 2 1 0.586957 0.586956 0.586951 c 6 c 8 1 0.0608206 0.0999999 3 4 9 3 
GoldStar 0 c 0 452.5 -230 0 4.9173 4.9173 50 50 c 1 13 c 2 0 0.157609 0.151961 0.0719518 c 6 c 8 1 0.0608206 0.0999999 3 4 9 3 
ParallaxBGsky 0 c 0 495.632 0 0 18.6624 18.6624 50 50 c 1 6 c 2 0 0.157609 0.151961 0.0719518 c 5 0 -10 0 
ParallaxBGmountain 0 c 0 1406.69 -253.75 0 18.1495 18.1495 50 50 c 1 7 c 2 0 0.157609 0.151961 0.0719518 c 5 0 -20 0 
ParallaxBGmountain 0 
ParallaxBGtrees 0 c 0 424.542 -120 0 23.166 23.166 50 50 c 1 8 c 2 0 0.157609 0.151961 0.0719518 c 5 0 -30 0 
ParallaxBGground 0 c 0 -1150.71 -402.5 0 13.9606 2.66725 50 50 c 1 9 c 2 0 0.157609 0.151961 0.0719518 c 5 0 -40 0 
InstancedSprite1 0 c 0 -522.5 -64.9998 0 2.27613 2.34667 50 50 c 1 5 c 3 0 
InstancedSprite2 0 c 0 -401.25 -83.75 0 1.61 1.61 50 50 c 1 5 c 3 0 
InstancedSprite3 0 c 0 -313.75 -100 0 1 1 50 50 c 1 5 c 3 0 
InstancedSprite4 0 c 0 -256.25 -110 0 0.57 0.57 50 50 c 1 5 c 3 0 
