Background 0 c 0 0 0 0 32.2308 18.243 50 50 c 1 0 c 2 background c 3 0 0 0 0 c 9 0 0.650003 1 1 0 1 1 
Counter 0 c 0 6.25 -221.98 0 32.4661 9.2236 50 50 c 1 5 c 2 Table c 3 0 0 0 0 c 9 0 0.333334 1 1 0 1 1 
Character 0 c 0 -212.5 27.421 0 8.0496 8.0496 50 50 c 1 1 c 2 character c 3 0 0 0 0 c 9 0 0.71667 1 1 0 1 1 
BigSteamer 0 c 0 548.75 18.2806 0 9.3522 9.3522 50 50 c 1 10 c 2 BigSteamer c 3 0 0 0 0 c 9 0 0.183334 1 1 0 1 1 
SmallSteamer 0 c 0 187.5 -10.4461 0 8.1168 8.1168 50 50 c 1 11 c 2 dryfood c 3 0 0 0 0 c 9 0 0.933339 1 1 0 1 1 
Tray 0 c 0 -280 -96.6267 0 8.0784 8.0784 50 50 c 1 6 c 2 Tray c 3 0 0 0 0 c 9 0 0.950005 1 1 0 1 1 
Plate 0 c 0 -252.5 -330.359 0 3.43094 3.43094 50 50 c 1 6 c 2 Plate c 3 0 0 0 0 c 9 0 0.333334 1 1 0 1 1 
Tongs 0 c 0 -18.75 -347.334 0 3.8776 3.8776 50 50 c 1 6 c 2 Tongs c 3 0 0 0 0 c 9 0 0.950005 1 1 0 1 1 
Scizzors 0 c 0 208.75 -340.805 0 3.56 3.56 50 50 c 1 6 c 2 Scissors c 3 0 0 0 0 c 9 0 0.0166667 1 1 0 1 1 
Bowl 0 c 0 -57.4999 -14.3634 0 3.66643 3.66643 50 50 c 1 6 c 2 SpringOnions c 3 0 0 0 0 c 9 0 0.866672 1 1 0 1 1 
Chilli 0 c 0 -400 -39.173 0 2.1 2.1 50 50 c 1 6 c 2 ChillPowder c 3 0 0 0 0 c 9 0 0.300001 1 1 0 1 1 
RoundSteamer 0 c 0 -638.75 -10.4462 0 7.46856 7.46856 50 50 c 1 6 c 2 RoundSteamers c 3 0 0 0 0 c 9 0 0.15 1 1 0 1 1 
