LeaveTest 0 c 0 0 0 0 0 0 57.4393 19.682 50 50 c 1 -20 c 2 bg_hawker_leaves2 c 3 2 0 0 0 c 10 0 0.982184 1 1 0 1 1 
Sky 0 c 0 0 0 0 0 0 31.9285 18.5829 50 50 c 1 -100 c 2 bg_skypan c 3 0 0 0 0 c 10 0 0.982184 1 1 0 1 1 
Clouds 0 c 0 742.461 127.12 0 0 0 31.6 12.918 50 50 c 1 -30 c 2 bg_hawker_clouds c 3 0 0 0 0 c 7 0 10 0 c 10 0 0.982184 1 1 0 1 1 
Middlegroud 0 c 0 1.24998 -8.89828 0 0 0 32.4999 21.2414 50 50 c 1 -10 c 2 bg_hawker_misc c 3 0 0 0 0 c 10 0 0.982184 1 1 0 1 1 
Shrubs 0 c 0 0 0 0 0 0 33.4683 16.6447 50 50 c 1 -7 c 2 bg_hawker_shrubs c 3 2 0 0 0 c 10 0 0.982184 1 1 0 1 1 
HawkerStalls 0 c 0 18.75 -19.0678 0 0 0 39.4162 21.4432 50 50 c 1 -9 c 2 bg_hawker_stalls c 3 0 0 0 0 c 10 0 0.982184 1 1 0 1 1 
HawkerStalls2 0 c 0 0 0 0 0 0 35.3333 17.6752 50 50 c 1 -8 c 2 bg_hawker_stalls2 c 3 0 0 0 0 c 10 0 0.857882 1 1 0 1 1 
Table 0 c 0 -3.75004 -222.458 0 0 0 32.64 9.49811 50 50 c 1 20 c 2 Table c 3 0 0 0 0 c 10 0 0.982184 1 1 0 1 1 
Branches 0 c 0 0 0 0 0 0 52.7273 19.6342 50 50 c 1 -19 c 2 bg_hawker_branch3 c 3 0 0 0 0 c 10 0 0.982184 1 1 0 1 1 
Branches2 0 c 0 0 0 0 0 0 42.1716 19.4337 50 50 c 1 -18 c 2 bg_hawker_branch1 c 3 0 0 0 0 c 10 0 0.982184 1 1 0 1 1 
LeftFrontLeave 0 c 0 0 0 0 0 0 33.815 18.5542 50 50 c 1 0 c 2 bg_hawker_leaves4 c 3 2 0 0 0 c 10 0 0.694445 1 1 0 1 1 
LeavesTopRight 0 c 0 0 0 0 0 0 46.4708 18.8395 50 50 c 1 -11 c 2 bg_hawker_leaves3 c 3 2 0 0 0 c 10 0 0.584247 1 1 0 1 1 
HawkerTables 0 c 0 0 0 0 0 0 32.5218 18.4372 50 50 c 1 -5 c 2 bg_hawker_tables c 3 0 0 0 0 c 10 0 0.300631 1 1 0 1 1 
HawkerUmbrella 0 c 0 0 0 0 0 0 32.8695 18.2935 50 50 c 1 -4 c 2 bg_hawker_umbrellas c 3 0 0 0 0 c 10 0 0.511176 1 1 0 1 1 
Queue 5 c 0 -262.5 17.0819 0 0 0 1 1 50 50 c 1 10 c 2 emptyimage c 3 0 0 0 0 c 10 0 0.151109 1 1 0 1 1 
Customer 0 c 0 -258.755 16.7695 3.74516 -0.312441 0 6 6 50 50 c 1 10 c 2 character c 3 0 0 0 0 c 10 0 0.511176 1 1 0 1 1 
Customer 0 c 0 -261.12 26.8174 1.37999 9.73555 0 6 6 50 50 c 1 9 c 2 character c 3 0 0 0 0 c 10 0 0.151109 1 1 0 1 1 
Customer 0 c 0 -261.438 36.8223 1.06213 19.7404 0 6 6 50 50 c 1 8 c 2 character c 3 0 0 0 0 c 10 0 0.151109 1 1 0 1 1 
Customer 0 c 0 -257.297 46.7155 5.20321 29.6336 0 6 6 50 50 c 1 7 c 2 character c 3 0 0 0 0 c 10 0 0.151109 1 1 0 1 1 
Customer 0 c 0 -1007.1 57.0819 -744.602 40 0 6 6 50 50 c 1 6 c 2 character c 3 0 0 0 0 c 10 0 0.151109 1 1 0 1 1 
FoodTray 0 c 0 197.5 -25.4237 0 0 0 16.3254 10.3283 50 50 c 1 25 c 2 dryfood c 3 0 0 0 0 c 10 0 0.151109 1 1 0 1 1 
SideTray 0 c 0 733.75 -7.6271 0 0 0 10.6739 10.6739 50 50 c 1 24 c 2 BigSteamer c 3 0 0 0 0 c 10 0 0.100458 1 1 0 1 1 
Plate 0 c 0 -322.5 -329.237 0 0 0 4.23414 2.8 50 50 c 1 25 c 2 Plate c 3 0 0 0 0 c 10 0 0.982184 1 1 0 1 1 
Tongs 0 c 0 -86.2501 -338.136 0 0 -14.7989 4.69173 3.27 50 50 c 1 25 c 2 Tongs c 3 0 0 0 0 c 10 0 0.694445 1 1 0 1 1 
Scizzors 0 c 0 156.25 -344.492 0 0 -179.416 5.27791 4.02933 50 50 c 1 25 c 2 Scissors c 3 0 0 0 0 c 10 0 0.100458 1 1 0 1 1 
Trashbin 0 c 0 468.751 -326.694 0 0 0 2.98 3.01108 50 50 c 1 25 c 2 trashbin c 3 0 0 0 0 c 10 0 0.694445 1 1 0 1 1 
RoundSteamer 0 c 0 -851.249 -72.4565 0 0 0 8.57423 8.1718 50 50 c 1 25 c 2 RoundSteamers c 3 0 0 0 0 c 10 0 0.857882 1 1 0 1 1 
Tray 0 c 0 -381.25 -127.119 0 0 0 12.8308 6.61906 50 50 c 1 24 c 2 Tray c 3 0 0 0 0 c 10 0 0.511176 1 1 0 1 1 
Pepper 0 c 0 -601.249 -99.1514 0 0 0 1.9 2.37502 50 50 c 1 24 c 2 ChillPowder c 3 0 0 0 0 c 10 0 0.151109 1 1 0 1 1 
SpringOnion 0 c 0 -549.999 -49.575 0 0 0 4.54539 2.9306 50 50 c 1 23 c 2 SpringOnions c 3 0 0 0 0 c 10 0 0.857882 1 1 0 1 1 
bb_springroll 0 c 0 16.2499 -59.7457 0 0 0 1 1 50 50 c 15 100 40 
bb_wanton 0 c 0 17.5001 -153.814 0 0 0 1 1 50 50 c 15 120 40 
bb_seaweedchicken 0 c 0 273.75 -58.4746 0 0 0 1 1 50 50 c 15 100 40 
bb_carrotcake 0 c 0 317.5 -155.085 0 0 0 1 1 50 50 c 15 120 40 
bb_plate 0 c 0 -325 -329.237 0 0 0 1 1 50 50 c 15 60 50 
bb_tongs 0 c 0 -88.7501 -340.678 0 0 0 1 1 50 50 c 15 90 50 
bb_scizzors 0 c 0 165 -340.678 0 0 0 1 1 50 50 c 15 100 60 
bb_trashbin 0 c 0 470.001 -326.694 0 0 0 1 1 50 50 c 15 60 60 
