Background 0 c 0 1.2499 3.05176e-05 0 0 0 32.7231 19.6134 50 50 c 1 0 c 2 mm_background c 3 0 0 0 0 c 10 0 0.0666793 1 1 0 1 1 
Title 0 c 0 63.75 352.119 0 0 0 19.618 4.07829 50 50 c 1 1 c 2 mm_title c 3 0 0 0 0 c 10 0 0.866713 1 1 0 1 1 
Play 0 c 0 -200 -94 0 0 0 4.4 1.9 50 50 c 1 1 c 2 button_play c 3 0 0 0 0 c 10 0 0.83338 1 1 0 1 1 
Options 0 c 0 -200 -176.695 0 0 0 4.96221 1.86283 50 50 c 1 0 c 2 button_options c 3 0 0 0 0 c 10 0 0.200024 1 1 0 1 1 
bb_play 0 c 0 -200 -95.3391 0 0 0 1 1 50 50 c 15 100 35 
Credits 0 c 0 -200 -254.237 0 0 0 3.90322 1.80974 50 50 c 1 0 c 2 button_credits c 3 0 0 0 0 c 10 0 0.366694 1 1 0 1 1 
Quit 0 c 0 -200 -340.678 0 0 0 5.25148 2.12008 50 50 c 1 0 c 2 button_quit c 3 0 0 0 0 c 10 0 0.78338 1 1 0 1 1 
bb_options 0 c 0 -198.75 -179.237 0 0 0 1 1 50 50 c 15 120 35 
bb_credits 0 c 0 -201.25 -256.78 0 0 0 1 1 50 50 c 15 100 35 
bb_quit 0 c 0 -202.5 -339.407 0 0 0 1 1 50 50 c 15 120 35 
