Background 0 c 0 0 0 0 0 0 35.7351 18.2854 50 50 c 1 -10 c 2 background c 3 0 0 0 0 c 9 0 0.300001 1 1 0 1 1 
Counter 0 c 0 -1.24998 -255 0 0 0 32.7308 10.9864 50 50 c 1 0 c 2 Table c 3 0 0 0 0 c 9 0 0.300001 1 1 0 1 1 
Box1 0 c 0 727.501 -31.2488 0 0 0 9.96822 8.8125 50 50 c 1 5 c 2 BigSteamer c 3 0 0 0 0 c 9 0 0.883991 1 1 0 1 1 
Box2 0 c 0 240 -92.5001 0 0 0 13.8343 6.39039 50 50 c 1 6 c 2 dryfood c 3 0 0 0 0 c 9 0 0.300001 1 1 0 1 1 
Tray 0 c 0 -272.5 -136.25 0 0 0 12.1388 5.67913 50 50 c 1 5 c 2 Tray c 3 0 0 0 0 c 9 0 0.0333334 1 1 0 1 1 
RoundSteamer 0 c 0 -727.499 -79.9987 0 0 0 8.55336 6.9359 50 50 c 1 5 c 2 RoundSteamers c 3 0 0 0 0 c 9 0 0.300001 1 1 0 1 1 
Salt 0 c 0 -483.749 -92.4987 0 0 0 1.47059 1.91213 50 50 c 1 5 c 2 ChillPowder c 3 0 0 0 0 c 9 0 0.300001 1 1 0 1 1 
SpringOnion 0 c 0 -446.249 -43.7487 0 0 0 3.8421 2.53125 50 50 c 1 4 c 2 SpringOnions c 3 0 0 0 0 c 9 0 0.300001 1 1 0 1 1 
Plate 0 c 0 -276.25 -376.25 0 0 0 4.99941 3.20065 50 50 c 1 5 c 2 Plate c 3 0 0 0 0 c 9 0 0.300001 1 1 0 1 1 
Tongs 0 c 0 -7.49999 -375 0 0 -16.979 4.96091 2.85333 50 50 c 1 5 c 2 Tongs c 3 0 0 0 0 c 9 0 0.300001 1 1 0 1 1 
Scizzors 0 c 0 265 -381.25 0 0 -177.422 5.50658 3.01322 50 50 c 1 5 c 2 Scissors c 3 0 0 0 0 c 9 0 0.300001 1 1 0 1 1 
Bin 0 c 0 556.25 -377.5 0 0 0 2.63 2.63 50 50 c 1 4 c 2 trashbin c 3 0 0 0 0 c 9 0 0.300001 1 1 0 1 1 
Queue 5 c 0 -169.458 32.1701 0 0 0 1 1 50 50 c 1 -1 c 2 emptyimage c 3 0 0 0 0 c 9 0 0.867324 1 1 0 1 1 
Customer 0 c 0 -169.458 32.1701 0 0 0 6 6 50 50 c 1 -1 c 2 character c 3 0 0 0 0 c 9 0 0.917324 1 1 0 1 1 
Customer 0 c 0 -169.458 32.1701 0 0 0 6 6 50 50 c 1 -1 c 2 character c 3 0 0 0 0 c 9 0 0.300001 1 1 0 1 1 
Customer 0 c 0 -169.458 32.1701 0 0 0 6 6 50 50 c 1 -1 c 2 character c 3 0 0 0 0 c 9 0 0.300001 1 1 0 1 1 
Customer 0 c 0 -169.458 32.1701 0 0 0 6 6 50 50 c 1 -1 c 2 character c 3 0 0 0 0 c 9 0 0.1 1 1 0 1 1 
Customer 0 c 0 -179.458 18.4201 -10 -13.75 0 6 6 50 50 c 1 -1 c 2 character c 3 0 0 0 0 c 9 0 0.300001 1 1 0 1 1 
