Wall 0 c 0 0 -200 0 1 1 700 50 c 1 2 c 2 c 6 0 2 0 -200 0 0 0.001 0.5 1 c 8 
Wall 0 c 0 0 400 0 1 1 700 50 c 1 2 c 2 c 6 0 2 0 400 0 0 0.001 0.5 1 c 8 
Wall 0 c 0 370 100 0 1 1 50 700 c 1 2 c 2 c 6 0 2 370 100 0 0 0.001 0.5 1 c 8 
Wall 0 c 0 -370 100 0 1 1 50 700 c 1 2 c 2 c 6 0 2 -370 100 0 0 0.001 0.5 1 c 8 
Spinner 0 c 0 0 0 72.6444 1 1 200 10 c 1 2 c 2 c 6 0 2 0 0 72.6444 60 0.001 0.5 1 c 8 
Player 0 c 0 300 286.108 0 1 1 35 35 c 1 9 c 2 c 6 1 0 300 286.108 0 0 0.001 0.5 0 c 8 
Object 0 c 0 159.034 -36.0068 0 1 1 38.4818 38.4818 c 1 7 c 2 c 6 0 0 159.034 -36.0068 0 0 0.001 0.5 0 c 8 
Object 0 c 0 194.677 -119.46 0 1 1 27.8986 27.8986 c 1 7 c 2 c 6 0 0 194.677 -119.46 0 0 0.001 0.5 0 c 8 
Object 0 c 0 -296.107 121.184 0 1 1 20.8156 20.8156 c 1 7 c 2 c 6 0 0 -296.107 121.184 0 0 0.001 0.5 0 c 8 
Object 0 c 0 253.63 94.9516 0 1 1 35.9549 35.9549 c 1 7 c 2 c 6 0 0 253.63 94.9516 0 0 0.001 0.5 0 c 8 
Object 0 c 0 90.8358 -36.142 0 1 1 26.4136 26.4136 c 1 7 c 2 c 6 0 0 90.8358 -36.142 0 0 0.001 0.5 0 c 8 
Object 0 c 0 -101.004 -106.261 0 1 1 22.941 22.941 c 1 7 c 2 c 6 0 0 -101.004 -106.261 0 0 0.001 0.5 0 c 8 
Object 0 c 0 128.998 -51.8585 0 1 1 27.7781 27.7781 c 1 7 c 2 c 6 0 0 128.998 -51.8585 0 0 0.001 0.5 0 c 8 
Object 0 c 0 3.88556 -91.3641 0 1 1 37.1834 37.1834 c 1 7 c 2 c 6 0 0 3.88556 -91.3641 0 0 0.001 0.5 0 c 8 
Object 0 c 0 168.49 -125.953 0 1 1 20.0202 20.0202 c 1 7 c 2 c 6 0 0 168.49 -125.953 0 0 0.001 0.5 0 c 8 
Object 0 c 0 187.787 275.135 0 1 1 24.9786 24.9786 c 1 7 c 2 c 6 0 0 187.787 275.135 0 0 0.001 0.5 0 c 8 
Object 0 c 0 -141.553 -79.2104 0 1 1 23.7613 23.7613 c 1 7 c 2 c 6 0 0 -141.553 -79.2104 0 0 0.001 0.5 0 c 8 
Object 0 c 0 -137.796 37.4039 0 1 1 30.0378 30.0378 c 1 7 c 2 c 6 0 0 -137.796 37.4039 0 0 0.001 0.5 0 c 8 
Object 0 c 0 87.549 89.264 0 1 1 21.6587 21.6587 c 1 7 c 2 c 6 0 0 87.549 89.264 0 0 0.001 0.5 0 c 8 
Object 0 c 0 -189.671 98.1556 0 1 1 31.5186 31.5186 c 1 7 c 2 c 6 0 0 -189.671 98.1556 0 0 0.001 0.5 0 c 8 
Object 0 c 0 220.021 -106.831 0 1 1 28.7331 28.7331 c 1 7 c 2 c 6 0 0 220.021 -106.831 0 0 0.001 0.5 0 c 8 
Object 0 c 0 -127.241 260.607 0 1 1 37.9025 37.9025 c 1 7 c 2 c 6 0 0 -127.241 260.607 0 0 0.001 0.5 0 c 8 
Object 0 c 0 231.061 196.002 0 1 1 39.5224 39.5224 c 1 7 c 2 c 6 0 0 231.061 196.002 0 0 0.001 0.5 0 c 8 
Object 0 c 0 -196.276 173.305 0 1 1 23.6288 23.6288 c 1 7 c 2 c 6 0 0 -196.276 173.305 0 0 0.001 0.5 0 c 8 
Object 0 c 0 -227.016 130.895 0 1 1 28.7729 28.7729 c 1 7 c 2 c 6 0 0 -227.016 130.895 0 0 0.001 0.5 0 c 8 
Object 0 c 0 -184.91 -43.035 0 1 1 24.5679 24.5679 c 1 7 c 2 c 6 0 0 -184.91 -43.035 0 0 0.001 0.5 0 c 8 
Object 0 c 0 -293.163 -43.8071 0 1 1 30.5171 30.5171 c 1 7 c 2 c 6 0 0 -293.163 -43.8071 0 0 0.001 0.5 0 c 8 
Object 0 c 0 85.2509 191.256 0 1 1 24.578 24.578 c 1 7 c 2 c 6 0 0 85.2509 191.256 0 0 0.001 0.5 0 c 8 
Object 0 c 0 171.932 -100.535 0 1 1 31.2798 31.2798 c 1 7 c 2 c 6 0 0 171.932 -100.535 0 0 0.001 0.5 0 c 8 
Object 0 c 0 205.166 14.9656 0 1 1 33.3585 33.3585 c 1 7 c 2 c 6 0 0 205.166 14.9656 0 0 0.001 0.5 0 c 8 
Object 0 c 0 -206.979 13.5727 0 1 1 32.8887 32.8887 c 1 7 c 2 c 6 0 0 -206.979 13.5727 0 0 0.001 0.5 0 c 8 
Object 0 c 0 -66.7146 5.78197 0 1 1 31.4916 31.4916 c 1 7 c 2 c 6 0 0 -66.7146 5.78197 0 0 0.001 0.5 0 c 8 
Object 0 c 0 251.685 28.3321 0 1 1 30.7222 30.7222 c 1 7 c 2 c 6 0 0 251.685 28.3321 0 0 0.001 0.5 0 c 8 
Object 0 c 0 -2.17093 58.4065 0 1 1 20.0079 20.0079 c 1 7 c 2 c 6 0 0 -2.17093 58.4065 0 0 0.001 0.5 0 c 8 
Object 0 c 0 -50.1296 209.313 0 1 1 39.4697 39.4697 c 1 7 c 2 c 6 0 0 -50.1296 209.313 0 0 0.001 0.5 0 c 8 
Object 0 c 0 154.211 102.249 0 1 1 29.3683 29.3683 c 1 7 c 2 c 6 0 0 154.211 102.249 0 0 0.001 0.5 0 c 8 
Object 0 c 0 234.928 274.037 0 1 1 26.7807 26.7807 c 1 7 c 2 c 6 0 0 234.928 274.037 0 0 0.001 0.5 0 c 8 
Object 0 c 0 -118.17 185.235 0 1 1 24.6424 24.6424 c 1 7 c 2 c 6 0 0 -118.17 185.235 0 0 0.001 0.5 0 c 8 
Object 0 c 0 186.31 222.379 0 1 1 30.0379 30.0379 c 1 7 c 2 c 6 0 0 186.31 222.379 0 0 0.001 0.5 0 c 8 
Object 0 c 0 -210.26 65.6647 0 1 1 36.3986 36.3986 c 1 7 c 2 c 6 0 0 -210.26 65.6647 0 0 0.001 0.5 0 c 8 
Object 0 c 0 86.9755 118.631 0 1 1 22.2859 22.2859 c 1 7 c 2 c 6 0 0 86.9755 118.631 0 0 0.001 0.5 0 c 8 
Object 0 c 0 -8.39553 35.6031 0 1 1 27.2675 27.2675 c 1 7 c 2 c 6 0 0 -8.39553 35.6031 0 0 0.001 0.5 0 c 8 
Object 0 c 0 -288.755 199.359 0 1 1 36.3631 36.3631 c 1 7 c 2 c 6 0 0 -288.755 199.359 0 0 0.001 0.5 0 c 8 
Object 0 c 0 180.192 40.0039 0 1 1 37.3701 37.3701 c 1 7 c 2 c 6 0 0 180.192 40.0039 0 0 0.001 0.5 0 c 8 
Object 0 c 0 -92.8204 225.181 0 1 1 32.3837 32.3837 c 1 7 c 2 c 6 0 0 -92.8204 225.181 0 0 0.001 0.5 0 c 8 
Object 0 c 0 112.899 -8.94949 0 1 1 22.1724 22.1724 c 1 7 c 2 c 6 0 0 112.899 -8.94949 0 0 0.001 0.5 0 c 8 
Object 0 c 0 -12.9047 -117.567 0 1 1 25.0585 25.0585 c 1 7 c 2 c 6 0 0 -12.9047 -117.567 0 0 0.001 0.5 0 c 8 
Object 0 c 0 199.888 -56.7068 0 1 1 21.8025 21.8025 c 1 7 c 2 c 6 0 0 199.888 -56.7068 0 0 0.001 0.5 0 c 8 
Object 0 c 0 -231.346 98.9266 0 1 1 35.7463 35.7463 c 1 7 c 2 c 6 0 0 -231.346 98.9266 0 0 0.001 0.5 0 c 8 
Object 0 c 0 -173.331 281.949 0 1 1 26.5545 26.5545 c 1 7 c 2 c 6 0 0 -173.331 281.949 0 0 0.001 0.5 0 c 8 
Object 0 c 0 -32.4754 238.473 0 1 1 28.7053 28.7053 c 1 7 c 2 c 6 0 0 -32.4754 238.473 0 0 0.001 0.5 0 c 8 
Object 0 c 0 -207.269 261.338 0 1 1 29.2046 29.2046 c 1 7 c 2 c 6 0 0 -207.269 261.338 0 0 0.001 0.5 0 c 8 
Object 0 c 0 -272.118 135.182 0 1 1 34.7322 34.7322 c 1 7 c 2 c 6 0 0 -272.118 135.182 0 0 0.001 0.5 0 c 8 
Object 0 c 0 -32.0453 76.4865 0 1 1 32.1207 32.1207 c 1 7 c 2 c 6 0 0 -32.0453 76.4865 0 0 0.001 0.5 0 c 8 
Object 0 c 0 294.136 183.545 0 1 1 22.4162 22.4162 c 1 7 c 2 c 6 0 0 294.136 183.545 0 0 0.001 0.5 0 c 8 
Object 0 c 0 67.375 168.229 0 1 1 31.5951 31.5951 c 1 7 c 2 c 6 0 0 67.375 168.229 0 0 0.001 0.5 0 c 8 
Object 0 c 0 114.051 223.5 0 1 1 23.9349 24.2403 c 1 8 c 2 c 6 0 2 114.051 223.5 0 0 0.001 0.5 0 c 8 
Object 0 c 0 -153.163 156.609 0 1 1 29.9183 32.4734 c 1 8 c 2 c 6 0 2 -153.163 156.609 0 0 0.001 0.5 0 c 8 
Object 0 c 0 -107.518 36.0364 0 1 1 30.5185 31.1831 c 1 8 c 2 c 6 0 2 -107.518 36.0364 0 0 0.001 0.5 0 c 8 
Object 0 c 0 57.9119 202.726 0 1 1 23.8789 30.7021 c 1 8 c 2 c 6 0 2 57.9119 202.726 0 0 0.001 0.5 0 c 8 
Object 0 c 0 -87.2081 191.781 0 1 1 37.281 20.9923 c 1 8 c 2 c 6 0 2 -87.2081 191.781 0 0 0.001 0.5 0 c 8 
Object 0 c 0 2.6405 220.461 0 1 1 26.1666 34.8526 c 1 8 c 2 c 6 0 2 2.6405 220.461 0 0 0.001 0.5 0 c 8 
Object 0 c 0 -156.586 -49.824 0 1 1 32.0806 20.4503 c 1 8 c 2 c 6 0 2 -156.586 -49.824 0 0 0.001 0.5 0 c 8 
Object 0 c 0 153.322 218.353 0 1 1 35.939 30.9574 c 1 8 c 2 c 6 0 2 153.322 218.353 0 0 0.001 0.5 0 c 8 
Object 0 c 0 168.239 -70.0713 0 1 1 39.2655 29.6473 c 1 8 c 2 c 6 0 2 168.239 -70.0713 0 0 0.001 0.5 0 c 8 
Object 0 c 0 210.907 270.821 0 1 1 21.2615 30.8564 c 1 8 c 2 c 6 0 2 210.907 270.821 0 0 0.001 0.5 0 c 8 
Object 0 c 0 -253.055 -25.6423 0 1 1 37.0943 25.3471 c 1 8 c 2 c 6 0 2 -253.055 -25.6423 0 0 0.001 0.5 0 c 8 
Object 0 c 0 288.6 124.846 0 1 1 25.678 34.4318 c 1 8 c 2 c 6 0 2 288.6 124.846 0 0 0.001 0.5 0 c 8 
Object 0 c 0 197.868 122.688 0 1 1 33.5871 26.2513 c 1 8 c 2 c 6 0 2 197.868 122.688 0 0 0.001 0.5 0 c 8 
Object 0 c 0 1.64061 94.8134 0 1 1 38.3572 22.8736 c 1 8 c 2 c 6 0 2 1.64061 94.8134 0 0 0.001 0.5 0 c 8 
Object 0 c 0 200.268 197.282 0 1 1 22.0635 20.7314 c 1 8 c 2 c 6 0 2 200.268 197.282 0 0 0.001 0.5 0 c 8 
Object 0 c 0 39.3959 128.686 0 1 1 21.8908 27.5994 c 1 8 c 2 c 6 0 2 39.3959 128.686 0 0 0.001 0.5 0 c 8 
Object 0 c 0 242.942 134.363 0 1 1 26.6702 21.6847 c 1 8 c 2 c 6 0 2 242.942 134.363 0 0 0.001 0.5 0 c 8 
Object 0 c 0 239.654 -5.25928 0 1 1 30.4472 36.4606 c 1 8 c 2 c 6 0 2 239.654 -5.25928 0 0 0.001 0.5 0 c 8 
Object 0 c 0 -299.41 -10.6454 0 1 1 37.6284 35.8063 c 1 8 c 2 c 6 0 2 -299.41 -10.6454 0 0 0.001 0.5 0 c 8 
Object 0 c 0 234.566 60.3348 0 1 1 37.5443 33.2832 c 1 8 c 2 c 6 0 2 234.566 60.3348 0 0 0.001 0.5 0 c 8 
Object 0 c 0 -178.376 14.8185 0 1 1 24.3166 25.701 c 1 8 c 2 c 6 0 2 -178.376 14.8185 0 0 0.001 0.5 0 c 8 
Object 0 c 0 266.875 187.829 0 1 1 32.1059 28.9257 c 1 8 c 2 c 6 0 2 266.875 187.829 0 0 0.001 0.5 0 c 8 
Object 0 c 0 30.8481 218.128 0 1 1 30.2487 36.7621 c 1 8 c 2 c 6 0 2 30.8481 218.128 0 0 0.001 0.5 0 c 8 
Object 0 c 0 -281.685 166.863 0 1 1 37.2239 28.6297 c 1 8 c 2 c 6 0 2 -281.685 166.863 0 0 0.001 0.5 0 c 8 
Object 0 c 0 87.7987 255.282 0 1 1 30.3268 24.5233 c 1 8 c 2 c 6 0 2 87.7987 255.282 0 0 0.001 0.5 0 c 8 
Object 0 c 0 17.4408 -35.0031 0 1 1 39.622 21.3149 c 1 8 c 2 c 6 0 2 17.4408 -35.0031 0 0 0.001 0.5 0 c 8 
Object 0 c 0 144.781 136.175 0 1 1 22.5052 32.8482 c 1 8 c 2 c 6 0 2 144.781 136.175 0 0 0.001 0.5 0 c 8 
Object 0 c 0 -118.532 148.456 0 1 1 39.3438 39.9256 c 1 8 c 2 c 6 0 2 -118.532 148.456 0 0 0.001 0.5 0 c 8 
Object 0 c 0 -37.983 32.8878 0 1 1 31.9074 35.8101 c 1 8 c 2 c 6 0 2 -37.983 32.8878 0 0 0.001 0.5 0 c 8 
Object 0 c 0 174.507 176.447 0 1 1 29.4575 35.7843 c 1 8 c 2 c 6 0 2 174.507 176.447 0 0 0.001 0.5 0 c 8 
Object 0 c 0 60.2923 102.038 0 1 1 32.43 24.8704 c 1 8 c 2 c 6 0 2 60.2923 102.038 0 0 0.001 0.5 0 c 8 
Object 0 c 0 -170.278 -79.9828 0 1 1 33.6892 32.3377 c 1 8 c 2 c 6 0 2 -170.278 -79.9828 0 0 0.001 0.5 0 c 8 
Object 0 c 0 196.857 -19.0327 0 1 1 38.4868 23.9495 c 1 8 c 2 c 6 0 2 196.857 -19.0327 0 0 0.001 0.5 0 c 8 
Object 0 c 0 -152.888 -16.2854 0 1 1 34.3022 36.5069 c 1 8 c 2 c 6 0 2 -152.888 -16.2854 0 0 0.001 0.5 0 c 8 
Object 0 c 0 -234.373 15.2092 0 1 1 21.8999 27.0238 c 1 8 c 2 c 6 0 2 -234.373 15.2092 0 0 0.001 0.5 0 c 8 
Object 0 c 0 16.1173 278.23 0 1 1 38.4227 33.6667 c 1 8 c 2 c 6 0 2 16.1173 278.23 0 0 0.001 0.5 0 c 8 
Object 0 c 0 60.2411 -61.1928 0 1 1 22.8171 28.3366 c 1 8 c 2 c 6 0 2 60.2411 -61.1928 0 0 0.001 0.5 0 c 8 
Object 0 c 0 -117.47 -21.2458 0 1 1 36.5356 28.3642 c 1 8 c 2 c 6 0 2 -117.47 -21.2458 0 0 0.001 0.5 0 c 8 
Object 0 c 0 -73.2097 -100.706 0 1 1 30.8129 25.806 c 1 8 c 2 c 6 0 2 -73.2097 -100.706 0 0 0.001 0.5 0 c 8 
Object 0 c 0 -84.4702 260.088 0 1 1 25.4471 37.4295 c 1 8 c 2 c 6 0 2 -84.4702 260.088 0 0 0.001 0.5 0 c 8 
Object 0 c 0 225.448 111.504 0 1 1 21.5728 24.0325 c 1 8 c 2 c 6 0 2 225.448 111.504 0 0 0.001 0.5 0 c 8 
Object 0 c 0 120.153 150.304 0 1 1 26.7515 27.9815 c 1 8 c 2 c 6 0 2 120.153 150.304 0 0 0.001 0.5 0 c 8 
Object 0 c 0 17.861 182.858 0 1 1 23.7027 32.3453 c 1 8 c 2 c 6 0 2 17.861 182.858 0 0 0.001 0.5 0 c 8 
Object 0 c 0 -99.0107 66.1606 0 1 1 24.9905 29.0654 c 1 8 c 2 c 6 0 2 -99.0107 66.1606 0 0 0.001 0.5 0 c 8 
Object 0 c 0 -215.851 -32.8374 0 1 1 37.3137 39.5816 c 1 8 c 2 c 6 0 2 -215.851 -32.8374 0 0 0.001 0.5 0 c 8 
Object 0 c 0 85.9676 223.283 0 1 1 32.2324 39.4749 c 1 8 c 2 c 6 0 2 85.9676 223.283 0 0 0.001 0.5 0 c 8 
Object 0 c 0 -256.002 71.471 0 1 1 32.0266 22.7549 c 1 8 c 2 c 6 0 2 -256.002 71.471 0 0 0.001 0.5 0 c 8 
Object 0 c 0 61.8239 133.448 0 1 1 22.916 37.947 c 1 8 c 2 c 6 0 2 61.8239 133.448 0 0 0.001 0.5 0 c 8 
Object 0 c 0 273.015 -1.08231 0 1 1 36.2751 22.4126 c 1 8 c 2 c 6 0 2 273.015 -1.08231 0 0 0.001 0.5 0 c 8 
Object 0 c 0 -13.9614 279.671 0 1 1 21.7348 25.231 c 1 8 c 2 c 6 0 2 -13.9614 279.671 0 0 0.001 0.5 0 c 8 
