Object 0 c 0 0 -200 0 1 1 700 50 c 1 2 c 2 c 6 0 2 0 -200 0 0 10 0.5 1 c 8 
Object 0 c 0 0 400 0 1 1 700 50 c 1 2 c 2 c 6 0 2 0 400 0 0 10 0.5 1 c 8 
Object 0 c 0 370 100 0 1 1 50 700 c 1 2 c 2 c 6 0 2 370 100 0 0 10 0.5 1 c 8 
Object 0 c 0 -370 100 0 1 1 50 700 c 1 2 c 2 c 6 0 2 -370 100 0 0 10 0.5 1 c 8 
Object 0 c 0 0 0 33.7061 1 1 200 10 c 1 2 c 2 c 6 0 2 0 0 33.7061 60 10 0.5 1 c 8 
Object 0 c 0 300 294.496 0 1 1 35 35 c 1 9 c 2 c 6 1 0 300 294.496 0 0 10 0.5 0 c 8 
Object 0 c 0 159.034 -27.7884 0 1 1 38.4818 38.4818 c 1 7 c 2 c 6 0 0 159.034 -27.7884 0 0 10 0.5 0 c 8 
Object 0 c 0 194.677 -111.241 0 1 1 27.8986 27.8986 c 1 7 c 2 c 6 0 0 194.677 -111.241 0 0 10 0.5 0 c 8 
Object 0 c 0 -296.107 129.402 0 1 1 20.8156 20.8156 c 1 7 c 2 c 6 0 0 -296.107 129.402 0 0 10 0.5 0 c 8 
Object 0 c 0 253.63 103.17 0 1 1 35.9549 35.9549 c 1 7 c 2 c 6 0 0 253.63 103.17 0 0 10 0.5 0 c 8 
Object 0 c 0 90.8358 -27.9236 0 1 1 26.4136 26.4136 c 1 7 c 2 c 6 0 0 90.8358 -27.9236 0 0 10 0.5 0 c 8 
Object 0 c 0 -101.004 -98.0427 0 1 1 22.941 22.941 c 1 7 c 2 c 6 0 0 -101.004 -98.0427 0 0 10 0.5 0 c 8 
Object 0 c 0 128.998 -43.6401 0 1 1 27.7781 27.7781 c 1 7 c 2 c 6 0 0 128.998 -43.6401 0 0 10 0.5 0 c 8 
Object 0 c 0 3.88556 -83.1457 0 1 1 37.1834 37.1834 c 1 7 c 2 c 6 0 0 3.88556 -83.1457 0 0 10 0.5 0 c 8 
Object 0 c 0 168.49 -117.735 0 1 1 20.0202 20.0202 c 1 7 c 2 c 6 0 0 168.49 -117.735 0 0 10 0.5 0 c 8 
Object 0 c 0 187.787 283.353 0 1 1 24.9786 24.9786 c 1 7 c 2 c 6 0 0 187.787 283.353 0 0 10 0.5 0 c 8 
Object 0 c 0 -141.553 -70.992 0 1 1 23.7613 23.7613 c 1 7 c 2 c 6 0 0 -141.553 -70.992 0 0 10 0.5 0 c 8 
Object 0 c 0 -137.796 45.6223 0 1 1 30.0378 30.0378 c 1 7 c 2 c 6 0 0 -137.796 45.6223 0 0 10 0.5 0 c 8 
Object 0 c 0 84.2696 97.4824 0 1 1 21.6587 21.6587 c 1 7 c 2 c 6 0 0 84.2696 97.4824 0 0 10 0.5 0 c 8 
Object 0 c 0 -189.671 106.374 0 1 1 31.5186 31.5186 c 1 7 c 2 c 6 0 0 -189.671 106.374 0 0 10 0.5 0 c 8 
Object 0 c 0 220.021 -98.6125 0 1 1 28.7331 28.7331 c 1 7 c 2 c 6 0 0 220.021 -98.6125 0 0 10 0.5 0 c 8 
Object 0 c 0 -127.241 268.825 0 1 1 37.9025 37.9025 c 1 7 c 2 c 6 0 0 -127.241 268.825 0 0 10 0.5 0 c 8 
Object 0 c 0 231.061 204.22 0 1 1 39.5224 39.5224 c 1 7 c 2 c 6 0 0 231.061 204.22 0 0 10 0.5 0 c 8 
Object 0 c 0 -196.276 181.523 0 1 1 23.6288 23.6288 c 1 7 c 2 c 6 0 0 -196.276 181.523 0 0 10 0.5 0 c 8 
Object 0 c 0 -227.016 139.113 0 1 1 28.7729 28.7729 c 1 7 c 2 c 6 0 0 -227.016 139.113 0 0 10 0.5 0 c 8 
Object 0 c 0 -184.91 -34.8166 0 1 1 24.5679 24.5679 c 1 7 c 2 c 6 0 0 -184.91 -34.8166 0 0 10 0.5 0 c 8 
Object 0 c 0 -293.163 -35.5887 0 1 1 30.5171 30.5171 c 1 7 c 2 c 6 0 0 -293.163 -35.5887 0 0 10 0.5 0 c 8 
Object 0 c 0 85.2509 199.475 0 1 1 24.578 24.578 c 1 7 c 2 c 6 0 0 85.2509 199.475 0 0 10 0.5 0 c 8 
Object 0 c 0 171.932 -92.3166 0 1 1 31.2798 31.2798 c 1 7 c 2 c 6 0 0 171.932 -92.3166 0 0 10 0.5 0 c 8 
Object 0 c 0 205.166 23.1842 0 1 1 33.3585 33.3585 c 1 7 c 2 c 6 0 0 205.166 23.1842 0 0 10 0.5 0 c 8 
Object 0 c 0 -206.979 21.7911 0 1 1 32.8887 32.8887 c 1 7 c 2 c 6 0 0 -206.979 21.7911 0 0 10 0.5 0 c 8 
Object 0 c 0 -64.1924 15.3697 0 1 1 31.4916 31.4916 c 1 7 c 2 c 6 0 0 -64.1924 15.3697 0 0 10 0.5 0 c 8 
Object 0 c 0 251.685 36.5505 0 1 1 30.7222 30.7222 c 1 7 c 2 c 6 0 0 251.685 36.5505 0 0 10 0.5 0 c 8 
Object 0 c 0 11.5059 57.4334 0 1 1 20.0079 20.0079 c 1 7 c 2 c 6 0 0 11.5059 57.4334 0 0 10 0.5 0 c 8 
Object 0 c 0 -50.1297 217.531 0 1 1 39.4697 39.4697 c 1 7 c 2 c 6 0 0 -50.1297 217.531 0 0 10 0.5 0 c 8 
Object 0 c 0 154.211 110.467 0 1 1 29.3683 29.3683 c 1 7 c 2 c 6 0 0 154.211 110.467 0 0 10 0.5 0 c 8 
Object 0 c 0 234.928 282.255 0 1 1 26.7807 26.7807 c 1 7 c 2 c 6 0 0 234.928 282.255 0 0 10 0.5 0 c 8 
Object 0 c 0 -118.17 193.453 0 1 1 24.6424 24.6424 c 1 7 c 2 c 6 0 0 -118.17 193.453 0 0 10 0.5 0 c 8 
Object 0 c 0 186.31 230.597 0 1 1 30.0379 30.0379 c 1 7 c 2 c 6 0 0 186.31 230.597 0 0 10 0.5 0 c 8 
Object 0 c 0 -210.26 73.8831 0 1 1 36.3986 36.3986 c 1 7 c 2 c 6 0 0 -210.26 73.8831 0 0 10 0.5 0 c 8 
Object 0 c 0 84.4727 125.286 0 1 1 22.2859 22.2859 c 1 7 c 2 c 6 0 0 84.4727 125.286 0 0 10 0.5 0 c 8 
Object 0 c 0 15.9989 33.0715 0 1 1 27.2675 27.2675 c 1 7 c 2 c 6 0 0 15.9989 33.0715 0 0 10 0.5 0 c 8 
Object 0 c 0 -288.755 207.577 0 1 1 36.3631 36.3631 c 1 7 c 2 c 6 0 0 -288.755 207.577 0 0 10 0.5 0 c 8 
Object 0 c 0 180.192 48.2221 0 1 1 37.3701 37.3701 c 1 7 c 2 c 6 0 0 180.192 48.2221 0 0 10 0.5 0 c 8 
Object 0 c 0 -92.8204 233.399 0 1 1 32.3837 32.3837 c 1 7 c 2 c 6 0 0 -92.8204 233.399 0 0 10 0.5 0 c 8 
Object 0 c 0 112.899 -0.731115 0 1 1 22.1724 22.1724 c 1 7 c 2 c 6 0 0 112.899 -0.731115 0 0 10 0.5 0 c 8 
Object 0 c 0 -12.9047 -109.349 0 1 1 25.0585 25.0585 c 1 7 c 2 c 6 0 0 -12.9047 -109.349 0 0 10 0.5 0 c 8 
Object 0 c 0 199.888 -48.4884 0 1 1 21.8025 21.8025 c 1 7 c 2 c 6 0 0 199.888 -48.4884 0 0 10 0.5 0 c 8 
Object 0 c 0 -231.346 107.145 0 1 1 35.7463 35.7463 c 1 7 c 2 c 6 0 0 -231.346 107.145 0 0 10 0.5 0 c 8 
Object 0 c 0 -173.331 290.167 0 1 1 26.5545 26.5545 c 1 7 c 2 c 6 0 0 -173.331 290.167 0 0 10 0.5 0 c 8 
Object 0 c 0 -32.4754 246.691 0 1 1 28.7053 28.7053 c 1 7 c 2 c 6 0 0 -32.4754 246.691 0 0 10 0.5 0 c 8 
Object 0 c 0 -207.269 269.556 0 1 1 29.2046 29.2046 c 1 7 c 2 c 6 0 0 -207.269 269.556 0 0 10 0.5 0 c 8 
Object 0 c 0 -272.118 143.4 0 1 1 34.7322 34.7322 c 1 7 c 2 c 6 0 0 -272.118 143.4 0 0 10 0.5 0 c 8 
Object 0 c 0 -5.27315 77.3787 0 1 1 32.1207 32.1207 c 1 7 c 2 c 6 0 0 -5.27315 77.3787 0 0 10 0.5 0 c 8 
Object 0 c 0 294.136 191.763 0 1 1 22.4162 22.4162 c 1 7 c 2 c 6 0 0 294.136 191.763 0 0 10 0.5 0 c 8 
Object 0 c 0 67.375 147.435 0 1 1 31.5951 31.5951 c 1 7 c 2 c 6 0 0 67.375 147.435 0 0 10 0.5 0 c 8 
Object 0 c 0 114.051 231.718 0 1 1 23.9349 24.2403 c 1 8 c 2 c 6 0 2 114.051 231.718 0 0 10 0.5 0 c 8 
Object 0 c 0 -153.163 164.827 0 1 1 29.9183 32.4734 c 1 8 c 2 c 6 0 2 -153.163 164.827 0 0 10 0.5 0 c 8 
Object 0 c 0 -107.518 44.2548 0 1 1 30.5185 31.1831 c 1 8 c 2 c 6 0 2 -107.518 44.2548 0 0 10 0.5 0 c 8 
Object 0 c 0 57.912 210.944 0 1 1 23.8789 30.7021 c 1 8 c 2 c 6 0 2 57.912 210.944 0 0 10 0.5 0 c 8 
Object 0 c 0 -87.208 199.999 0 1 1 37.281 20.9923 c 1 8 c 2 c 6 0 2 -87.208 199.999 0 0 10 0.5 0 c 8 
Object 0 c 0 2.64055 228.679 0 1 1 26.1666 34.8526 c 1 8 c 2 c 6 0 2 2.64055 228.679 0 0 10 0.5 0 c 8 
Object 0 c 0 -156.586 -41.6056 0 1 1 32.0806 20.4503 c 1 8 c 2 c 6 0 2 -156.586 -41.6056 0 0 10 0.5 0 c 8 
Object 0 c 0 153.322 226.571 0 1 1 35.939 30.9574 c 1 8 c 2 c 6 0 2 153.322 226.571 0 0 10 0.5 0 c 8 
Object 0 c 0 168.239 -61.853 0 1 1 39.2655 29.6473 c 1 8 c 2 c 6 0 2 168.239 -61.853 0 0 10 0.5 0 c 8 
Object 0 c 0 210.907 279.039 0 1 1 21.2615 30.8564 c 1 8 c 2 c 6 0 2 210.907 279.039 0 0 10 0.5 0 c 8 
Object 0 c 0 -253.055 -17.4239 0 1 1 37.0943 25.3471 c 1 8 c 2 c 6 0 2 -253.055 -17.4239 0 0 10 0.5 0 c 8 
Object 0 c 0 288.6 133.064 0 1 1 25.678 34.4318 c 1 8 c 2 c 6 0 2 288.6 133.064 0 0 10 0.5 0 c 8 
Object 0 c 0 197.868 130.906 0 1 1 33.5871 26.2513 c 1 8 c 2 c 6 0 2 197.868 130.906 0 0 10 0.5 0 c 8 
Object 0 c 0 40.6884 57.3827 0 1 1 38.3572 22.8736 c 1 8 c 2 c 6 0 2 40.6884 57.3827 0 0 10 0.5 0 c 8 
Object 0 c 0 200.268 205.5 0 1 1 22.0635 20.7314 c 1 8 c 2 c 6 0 2 200.268 205.5 0 0 10 0.5 0 c 8 
Object 0 c 0 39.3959 107.49 0 1 1 21.8908 27.5994 c 1 8 c 2 c 6 0 2 39.3959 107.49 0 0 10 0.5 0 c 8 
Object 0 c 0 242.942 142.581 0 1 1 26.6702 21.6847 c 1 8 c 2 c 6 0 2 242.942 142.581 0 0 10 0.5 0 c 8 
Object 0 c 0 239.654 2.95914 0 1 1 30.4472 36.4606 c 1 8 c 2 c 6 0 2 239.654 2.95914 0 0 10 0.5 0 c 8 
Object 0 c 0 -299.41 -2.42704 0 1 1 37.6284 35.8063 c 1 8 c 2 c 6 0 2 -299.41 -2.42704 0 0 10 0.5 0 c 8 
Object 0 c 0 234.566 68.5532 0 1 1 37.5443 33.2832 c 1 8 c 2 c 6 0 2 234.566 68.5532 0 0 10 0.5 0 c 8 
Object 0 c 0 -178.376 23.0369 0 1 1 24.3166 25.701 c 1 8 c 2 c 6 0 2 -178.376 23.0369 0 0 10 0.5 0 c 8 
Object 0 c 0 266.875 196.047 0 1 1 32.1059 28.9257 c 1 8 c 2 c 6 0 2 266.875 196.047 0 0 10 0.5 0 c 8 
Object 0 c 0 30.8482 226.346 0 1 1 30.2487 36.7621 c 1 8 c 2 c 6 0 2 30.8482 226.346 0 0 10 0.5 0 c 8 
Object 0 c 0 -281.685 175.081 0 1 1 37.2239 28.6297 c 1 8 c 2 c 6 0 2 -281.685 175.081 0 0 10 0.5 0 c 8 
Object 0 c 0 87.7987 263.5 0 1 1 30.3268 24.5233 c 1 8 c 2 c 6 0 2 87.7987 263.5 0 0 10 0.5 0 c 8 
Object 0 c 0 11.5479 -22.877 0 1 1 39.622 21.3149 c 1 8 c 2 c 6 0 2 11.5479 -22.877 0 0 10 0.5 0 c 8 
Object 0 c 0 144.781 144.393 0 1 1 22.5052 32.8482 c 1 8 c 2 c 6 0 2 144.781 144.393 0 0 10 0.5 0 c 8 
Object 0 c 0 -118.532 156.674 0 1 1 39.3438 39.9256 c 1 8 c 2 c 6 0 2 -118.532 156.674 0 0 10 0.5 0 c 8 
Object 0 c 0 -14.4518 40.8386 0 1 1 31.9074 35.8101 c 1 8 c 2 c 6 0 2 -14.4518 40.8386 0 0 10 0.5 0 c 8 
Object 0 c 0 174.507 184.665 0 1 1 29.4575 35.7843 c 1 8 c 2 c 6 0 2 174.507 184.665 0 0 10 0.5 0 c 8 
Object 0 c 0 54.2094 81.2547 0 1 1 32.43 24.8704 c 1 8 c 2 c 6 0 2 54.2094 81.2547 0 0 10 0.5 0 c 8 
Object 0 c 0 -170.278 -71.7644 0 1 1 33.6892 32.3377 c 1 8 c 2 c 6 0 2 -170.278 -71.7644 0 0 10 0.5 0 c 8 
Object 0 c 0 196.857 -10.8144 0 1 1 38.4868 23.9495 c 1 8 c 2 c 6 0 2 196.857 -10.8144 0 0 10 0.5 0 c 8 
Object 0 c 0 -152.888 -8.06706 0 1 1 34.3022 36.5069 c 1 8 c 2 c 6 0 2 -152.888 -8.06706 0 0 10 0.5 0 c 8 
Object 0 c 0 -234.373 23.4276 0 1 1 21.8999 27.0238 c 1 8 c 2 c 6 0 2 -234.373 23.4276 0 0 10 0.5 0 c 8 
Object 0 c 0 16.1173 286.448 0 1 1 38.4227 33.6667 c 1 8 c 2 c 6 0 2 16.1173 286.448 0 0 10 0.5 0 c 8 
Object 0 c 0 60.2411 -52.9744 0 1 1 22.8171 28.3366 c 1 8 c 2 c 6 0 2 60.2411 -52.9744 0 0 10 0.5 0 c 8 
Object 0 c 0 -117.47 -13.0274 0 1 1 36.5356 28.3642 c 1 8 c 2 c 6 0 2 -117.47 -13.0274 0 0 10 0.5 0 c 8 
Object 0 c 0 -72.8675 -72.5558 0 1 1 30.8129 25.806 c 1 8 c 2 c 6 0 2 -72.8675 -72.5558 0 0 10 0.5 0 c 8 
Object 0 c 0 -84.4702 268.306 0 1 1 25.4471 37.4295 c 1 8 c 2 c 6 0 2 -84.4702 268.306 0 0 10 0.5 0 c 8 
Object 0 c 0 225.448 119.723 0 1 1 21.5728 24.0325 c 1 8 c 2 c 6 0 2 225.448 119.723 0 0 10 0.5 0 c 8 
Object 0 c 0 120.153 158.522 0 1 1 26.7515 27.9815 c 1 8 c 2 c 6 0 2 120.153 158.522 0 0 10 0.5 0 c 8 
Object 0 c 0 17.861 191.076 0 1 1 23.7027 32.3453 c 1 8 c 2 c 6 0 2 17.861 191.076 0 0 10 0.5 0 c 8 
Object 0 c 0 -99.0107 74.379 0 1 1 24.9905 29.0654 c 1 8 c 2 c 6 0 2 -99.0107 74.379 0 0 10 0.5 0 c 8 
Object 0 c 0 -215.851 -24.619 0 1 1 37.3137 39.5816 c 1 8 c 2 c 6 0 2 -215.851 -24.619 0 0 10 0.5 0 c 8 
Object 0 c 0 85.9677 231.501 0 1 1 32.2324 39.4749 c 1 8 c 2 c 6 0 2 85.9677 231.501 0 0 10 0.5 0 c 8 
Object 0 c 0 -256.002 79.6894 0 1 1 32.0266 22.7549 c 1 8 c 2 c 6 0 2 -256.002 79.6894 0 0 10 0.5 0 c 8 
Object 0 c 0 61.8239 112.663 0 1 1 22.916 37.947 c 1 8 c 2 c 6 0 2 61.8239 112.663 0 0 10 0.5 0 c 8 
Object 0 c 0 273.015 7.13607 0 1 1 36.2751 22.4126 c 1 8 c 2 c 6 0 2 273.015 7.13607 0 0 10 0.5 0 c 8 
Object 0 c 0 -13.9614 287.889 0 1 1 21.7348 25.231 c 1 8 c 2 c 6 0 2 -13.9614 287.889 0 0 10 0.5 0 c 8 
