wall1 0 c 0 -121.25 -23.798 0 1 1 50 500 c 1 5 c 2 0 0 0 0 c 4 0 2 -121.25 -23.798 0 0 10 0.5 1 c 6 c 8 0 0.850007 1 1 0 1 1 
wall2 0 c 0 216.25 -22.5 0 1 1 50 500 c 1 5 c 2 0 0 0 0 c 4 0 2 216.25 -22.5 0 0 10 0.5 1 c 6 c 8 0 0.566673 1 1 0 1 1 
wall3 0 c 0 52.5 -256.25 0 1 1 500 50 c 1 5 c 2 0 0 0 0 c 4 0 2 52.5 -256.25 0 0 10 0.5 1 c 6 c 8 0 0.616673 1 1 0 1 1 
spinner 0 c 0 51.1859 -99.692 2293.72 0.999997 0.999997 200 25 c 1 5 c 2 0 0 0 0 c 4 0 2 51.1859 -99.692 2293.72 10 10 0.5 1 c 6 c 8 0 0.433339 1 1 0 1 1 
fishball 0 c 0 165.669 -56.7803 0 1 1 50 50 c 1 15 c 2 0 0 0 0 c 4 0 0 165.669 -56.7803 0 0 0.001 0.5 0 c 6 c 8 0 0.183338 1 1 0 1 1 
fishball 0 c 0 99.6478 -72.2427 0 1 1 50 50 c 1 15 c 2 0 0 0 0 c 4 0 0 99.6478 -72.2427 0 0 0.001 0.5 0 c 6 c 8 0 0.550006 1 1 0 1 1 
fishball 0 c 0 -23.4871 -206.251 0 1 1 50 50 c 1 15 c 2 0 0 0 0 c 4 0 0 -23.4871 -206.251 0 0 0.001 0.5 0 c 6 c 8 0 0.566673 1 1 0 1 1 
fishball 0 c 0 118.917 -117.634 0 1 1 50 50 c 1 15 c 2 0 0 0 0 c 4 0 0 118.917 -117.634 0 0 0.001 0.5 0 c 6 c 8 0 0.466672 1 1 0 1 1 
fishball 0 c 0 -73.1454 -206.474 0 1 1 50 50 c 1 15 c 2 0 0 0 0 c 4 0 0 -73.1454 -206.474 0 0 0.001 0.5 0 c 6 c 8 0 0.333338 1 1 0 1 1 
fishball 0 c 0 168.156 -206.449 0 1 1 50 50 c 1 15 c 2 0 0 0 0 c 4 0 0 168.156 -206.449 0 0 0.001 0.5 0 c 6 c 8 0 0.183338 1 1 0 1 1 
fishball 0 c 0 22.72 -206.25 0 1 1 50 50 c 1 15 c 2 0 0 0 0 c 4 0 0 22.72 -206.25 0 0 0.001 0.5 0 c 6 c 8 0 0.950007 1 1 0 1 1 
fishball 0 c 0 164.434 -156.496 0 1 1 50 50 c 1 15 c 2 0 0 0 0 c 4 0 0 164.434 -156.496 0 0 0.001 0.5 0 c 6 c 8 0 0.800007 1 1 0 1 1 
fishball 0 c 0 -0.33158 -161.935 0 1 1 50 50 c 1 15 c 2 0 0 0 0 c 4 0 0 -0.33158 -161.935 0 0 0.001 0.5 0 c 6 c 8 0 0.516673 1 1 0 1 1 
springroll 0 c 0 -69.8444 -156.475 0 1.2 1.5 50 50 c 1 14 c 2 0 0 0 0 c 4 0 2 -69.8444 -156.475 0 0 0.001 0.5 0 c 6 c 8 0 0.183338 1 1 0 1 1 
springroll 0 c 0 167.145 -106.775 0 1.2 1.5 50 50 c 1 14 c 2 0 0 0 0 c 4 0 2 167.145 -106.775 0 0 0.001 0.5 0 c 6 c 8 0 0.450006 1 1 0 1 1 
springroll 0 c 0 118.559 -206.25 0 1.2 1.5 50 50 c 1 14 c 2 0 0 0 0 c 4 0 2 118.559 -206.25 0 0 0.001 0.5 0 c 6 c 8 0 0.400006 1 1 0 1 1 
springroll 0 c 0 72.3542 -206.25 0 1.2 1.5 50 50 c 1 14 c 2 0 0 0 0 c 4 0 2 72.3542 -206.25 0 0 0.001 0.5 0 c 6 c 8 0 0.116671 1 1 0 1 1 
springroll 0 c 0 -50.5502 -106.769 0 1.2 1.5 50 50 c 1 14 c 2 0 0 0 0 c 4 0 2 -50.5502 -106.769 0 0 0.001 0.5 0 c 6 c 8 0 0.866674 1 1 0 1 1 
springroll 0 c 0 -70.4589 -56.7692 0 1.2 1.5 50 50 c 1 14 c 2 0 0 0 0 c 4 0 2 -70.4589 -56.7692 0 0 0.001 0.5 0 c 6 c 8 0 0.650006 1 1 0 1 1 
